3 1
4740 1 0
4570 1 0
3767 1 0
6551 1 0
4505 1 0
6147 1 0
6747 1 0
3767 1 0
3767 1 0
3767 1 0
4675 1 0
3767 1 0
6747 1 0
4505 1 0
6147 1 0
3767 1 0
6747 1 0
4570 1 0
6747 1 0
3767 1 0
4675 1 0
4548 1 0
3767 1 0
4505 1 0
4675 1 0
6747 1 0
3767 1 0
4570 1 0
6747 1 0
6747 1 0
3767 1 0
6747 1 0
4548 1 0
4740 1 0
10514 3 0
4548 1 0
4463 1 0
10514 1 0
4675 1 0
4548 1 0
6376 1 0
4463 1 0
4633 1 0
4675 1 0
10956 1 0
8028 1 0
3767 1 0
3767 1 0
4548 1 0
6747 1 0
4570 1 0
8028 1 0
4505 1 0
4570 1 0
4548 1 0
4675 1 0
6147 1 0
4548 1 0
4675 1 0
6747 1 0
4570 1 0
6747 1 0
3767 1 0
0
"You are a voter"
"You received this email in error"
"Update your email (elections@ambersontowers.org)"
"Amberson Test Election"
